7.546485066413879395e-01
1.486077070236206055e+00
2.205895662307739258e+00
2.914104223251342773e+00
3.622312784194946289e+00
4.330521583557128906e+00
5.038730144500732422e+00
5.746938705444335938e+00
6.455147266387939453e+00
7.163355827331542969e+00
7.859954357147216797e+00
8.568162918090820312e+00
9.276371955871582031e+00
9.984580039978027344e+00
1.068117904663085938e+01
1.138938713073730469e+01
1.209759616851806641e+01
1.279419517517089844e+01
1.349079322814941406e+01
1.419900226593017578e+01
1.490721035003662109e+01
1.561541938781738281e+01
1.631201744079589844e+01
1.703183555603027344e+01
1.774004554748535156e+01
1.843664360046386719e+01
1.914485168457031250e+01
1.985306167602539062e+01
2.056126976013183594e+01
2.126947784423828125e+01
2.196607589721679688e+01
2.267428588867187500e+01
2.338249397277832031e+01
2.409070205688476562e+01
2.478730201721191406e+01
2.549551010131835938e+01
2.620371818542480469e+01
2.691192626953125000e+01
2.760852622985839844e+01
2.831673431396484375e+01
2.902494239807128906e+01
2.973315048217773438e+01
3.044136047363281250e+01
3.114956855773925781e+01
3.185777664184570312e+01
3.255437469482421875e+01
3.326258468627929688e+01
3.397079467773437500e+01
3.467900085449218750e+01
3.537559890747070312e+01
3.608380889892578125e+01
3.679201889038085938e+01
3.750022506713867188e+01
3.819682312011718750e+01
3.890503311157226562e+01
3.961324310302734375e+01
4.032144927978515625e+01
4.102965927124023438e+01
4.172625732421875000e+01
4.243446731567382812e+01
4.314267349243164062e+01
4.385088348388671875e+01
4.455909347534179688e+01
4.526729965209960938e+01
4.597550964355468750e+01
4.667210769653320312e+01
4.738031768798828125e+01
4.808852386474609375e+01
4.879673385620117188e+01
4.949333190917968750e+01
5.020154190063476562e+01
5.090974807739257812e+01
5.161795806884765625e+01
5.232616806030273438e+01
5.302276611328125000e+01
5.373097229003906250e+01
5.443918228149414062e+01
5.514739227294921875e+01
5.584399032592773438e+01
5.655220031738281250e+01
5.726040649414062500e+01
5.796861648559570312e+01
5.867682266235351562e+01
5.938503265380859375e+01
6.009324264526367188e+01
6.078984069824218750e+01
6.149804687500000000e+01
6.220625686645507812e+01
6.291446685791015625e+01
6.361106491088867188e+01
6.431927490234375000e+01
6.502748107910156250e+01
6.573568725585937500e+01
6.644390106201171875e+01
6.714049530029296875e+01
6.784870910644531250e+01
6.855691528320312500e+01
6.926512145996093750e+01
6.996172332763671875e+01
7.068154144287109375e+01
7.138974761962890625e+01
7.209796142578125000e+01
7.280616760253906250e+01
7.351437377929687500e+01
7.421097564697265625e+01
7.491918182373046875e+01
7.562738800048828125e+01
7.633560180664062500e+01
7.703219604492187500e+01
7.774040985107421875e+01
7.844861602783203125e+01
7.914521026611328125e+01
7.985342407226562500e+01
8.056163024902343750e+01
8.125823211669921875e+01
8.196643829345703125e+01
8.267464447021484375e+01
8.338285827636718750e+01
8.407945251464843750e+01
8.478766632080078125e+01
8.549587249755859375e+01
8.620407867431640625e+01
8.690068054199218750e+01
8.760888671875000000e+01
8.831709289550781250e+01
8.902530670166015625e+01
8.973351287841796875e+01
9.044171905517578125e+01
9.114993286132812500e+01
9.184652709960937500e+01
9.255474090576171875e+01
9.326294708251953125e+01
9.397115325927734375e+01
9.466775512695312500e+01
9.537596130371093750e+01
9.608416748046875000e+01
9.679238128662109375e+01
9.750058746337890625e+01
9.819718933105468750e+01
9.890539550781250000e+01
9.961360168457031250e+01
1.003218154907226562e+02
1.010300216674804688e+02
1.017382278442382812e+02
1.024464416503906250e+02
1.031430358886718750e+02
1.038512420654296875e+02
1.045594558715820312e+02
1.052676620483398438e+02
1.059642639160156250e+02
1.066724700927734375e+02
1.073806762695312500e+02
1.080888900756835938e+02
1.087970962524414062e+02
1.094936904907226562e+02
1.102019042968750000e+02
1.109101104736328125e+02
1.116183166503906250e+02
1.123149185180664062e+02
1.130231246948242188e+02
1.137313385009765625e+02
1.144395446777343750e+02
1.151361465454101562e+02
1.158559646606445312e+02
1.165641708374023438e+02
1.172607650756835938e+02
1.179689788818359375e+02
1.186771850585937500e+02
1.193853912353515625e+02
1.200819931030273438e+02
1.207901992797851562e+02
1.214984130859375000e+02
1.222066192626953125e+02
1.229148254394531250e+02
1.236114273071289062e+02
1.243196334838867188e+02
1.250278472900390625e+02
1.257360534667968750e+02
1.264326477050781250e+02
1.271408615112304688e+02
1.278490676879882812e+02
1.285572814941406250e+02
1.292654876708984375e+02
1.299736938476562500e+02
1.306819000244140625e+02
1.313784942626953125e+02
1.320867156982421875e+02
1.327949218750000000e+02
1.335031280517578125e+02
1.341997222900390625e+02
1.349079284667968750e+02
1.356161499023437500e+02
1.363243560791015625e+02
1.370325622558593750e+02
1.377291564941406250e+02
1.384373626708984375e+02
1.391455688476562500e+02
1.398537902832031250e+02
1.405503845214843750e+02
1.412585906982421875e+02
1.419667968750000000e+02
1.426750030517578125e+02
1.433716125488281250e+02
1.440798187255859375e+02
1.447880249023437500e+02
1.454962310791015625e+02
1.461928253173828125e+02
1.469126434326171875e+02
1.476208648681640625e+02
1.483174591064453125e+02
1.490256652832031250e+02
1.497338714599609375e+02
1.504420776367187500e+02
1.511502990722656250e+02
1.518468933105468750e+02
1.525550994873046875e+02
1.532633056640625000e+02
1.539715118408203125e+02
1.546681213378906250e+02
1.553763275146484375e+02
1.560845336914062500e+02
1.567927398681640625e+02
1.574893341064453125e+02
1.581975555419921875e+02
1.589057617187500000e+02
1.596139678955078125e+02
1.603105621337890625e+02
1.610303802490234375e+02
1.617385864257812500e+02
1.624467926025390625e+02
1.631434020996093750e+02
1.638516082763671875e+02
1.645598144531250000e+02
1.652680206298828125e+02
1.659762268066406250e+02
1.666844482421875000e+02
1.673810424804687500e+02
1.680892486572265625e+02
1.687974548339843750e+02
1.695056610107421875e+02
1.702138671875000000e+02
1.709104766845703125e+02
1.716186828613281250e+02
1.723268890380859375e+02
1.730350952148437500e+02
1.737433013916015625e+02
1.744515228271484375e+02
1.751597290039062500e+02
1.758679351806640625e+02
1.765761413574218750e+02
1.772843475341796875e+02
1.779925537109375000e+02
1.787007751464843750e+02
1.794205932617187500e+02
1.801520080566406250e+02
